800	0.01766
801	0.014067
802	0.016821
803	0.01984
804	0.018791
805	0.01755
806	0.018483
807	0.012731
808	0.02008
809	0.017391
810	0.018852
811	0.01502
812	0.011234
813	0.017687
814	0.013707
815	0.012386
816	0.0093747
817	0.018735
818	0.01278
819	0.016387
820	0.010443
821	0.015263
822	0.017974
823	0.011021
824	0.021403
825	0.012767
826	0.017986
827	0.014614
828	0.015674
829	0.016409
830	0.017087
831	0.010762
832	0.020682
833	0.011155
834	0.015029
835	0.01616
836	0.012847
837	0.017376
838	0.019465
839	0.014013
840	0.01595
841	0.016447
842	0.015745
843	0.015928
844	0.017758
845	0.011447
846	0.020017
847	0.0075778
848	0.014271
849	0.012756
850	0.017262
851	0.016842
852	0.013235
853	0.019317
854	0.01083
855	0.011437
856	0.014939
857	0.021008
858	0.014716
859	0.018344
860	0.022996
861	0.01195
862	0.012208
863	0.019727
864	0.01697
865	0.017523
866	0.014391
867	0.023051
868	0.014597
869	0.013586
870	0.019931
871	0.023132
872	0.018305
873	0.01886
874	0.021114
875	0.012847
876	0.010465
877	0.023095
878	0.020525
879	0.024071
880	0.014115
881	0.013515
882	0.016443
883	0.019764
884	0.0091386
885	0.017961
886	0.014568
887	0.015457
888	0.014401
889	0.02177
890	0.022222
891	0.012439
892	0.015331
893	0.020275
894	0.014373
895	0.014042
896	0.015689
897	0.01399
898	0.01972
899	0.014238
900	0.019134
901	0.012786
902	0.010935
903	0.018468
904	0.014856
905	0.011067
906	0.013042
907	0.012836
908	0.018525
909	0.012936
910	0.01858
911	0.019028
912	0.014854
913	0.015084
914	0.017287
915	0.011125
916	0.020808
917	0.018061
918	0.013805
919	0.021357
920	0.012061
921	0.022693
922	0.014253
923	0.016653
924	0.012485
925	0.019589
926	0.01505
927	0.012893
928	0.014964
929	0.017977
930	0.011558
931	0.021345
932	0.015204
933	0.018118
934	0.013937
935	0.012208
936	0.013291
937	0.013649
938	0.018983
939	0.018237
940	0.016336
941	0.016623
942	0.016674
943	0.015707
944	0.011621
945	0.013528
946	0.010775
947	0.017439
948	0.020222
949	0.015732
950	0.013755
951	0.013933
952	0.015017
953	0.01883
954	0.014233
955	0.01524
956	0.016711
957	0.012728
958	0.019245
959	0.018215
960	0.01501
961	0.018383
962	0.017547
963	0.017472
964	0.0093908
965	0.022224
966	0.019257
967	0.015158
968	0.014734
969	0.01429
970	0.01796
971	0.013946
972	0.017031
973	0.010114
974	0.01233
975	0.014409
976	0.016146
977	0.015764
978	0.018095
979	0.014331
980	0.012886
981	0.013485
982	0.013971
983	0.010166
984	0.011464
985	0.021878
986	0.014685
987	0.01124
988	0.017019
989	0.018684
990	0.01485
991	0.013562
992	0.016978
993	0.014104
994	0.018922
995	0.011781
996	0.011852
997	0.011506
998	0.016473
999	0.016889
1000	0.013986
1001	0.014245
1002	0.016134
1003	0.012589
1004	0.015611
1005	0.014835
1006	0.0096842
1007	0.020609
1008	0.018146
1009	0.017537
1010	0.015327
1011	0.017154
1012	0.013736
1013	0.015289
1014	0.010631
1015	0.015107
1016	0.012719
1017	0.015063
1018	0.015068
1019	0.021596
1020	0.011088
1021	0.018481
1022	0.011946
1023	0.024011
1024	0.0097208
1025	0.022364
1026	0.015168
1027	0.017153
1028	0.015602
1029	0.01762
1030	0.014324
1031	0.018103
1032	0.016982
1033	0.016041
1034	0.022755
1035	0.014305
1036	0.015088
1037	0.01631
1038	0.01434
1039	0.012114
1040	0.014006
1041	0.019523
1042	0.011884
1043	0.018089
1044	0.012967
1045	0.013301
1046	0.0123
1047	0.015437
1048	0.02023
1049	0.013852
1050	0.010118
1051	0.016776
1052	0.017307
1053	0.013867
1054	0.010575
1055	0.016212
1056	0.014025
1057	0.01284
1058	0.012342
1059	0.015544
1060	0.016625
1061	0.014575
1062	0.019878
1063	0.016224
1064	0.011884
1065	0.019809
1066	0.015961
1067	0.01799
1068	0.014741
1069	0.015527
1070	0.018106
1071	0.01009
1072	0.021045
1073	0.017537
1074	0.016986
1075	0.01598
1076	0.013286
1077	0.015017
1078	0.015747
1079	0.010517
1080	0.016585
1081	0.017967
1082	0.0093209
1083	0.018778
1084	0.0097739
1085	0.014247
1086	0.01013
1087	0.013395
1088	0.016466
1089	0.015213
1090	0.014288
1091	0.0074872
1092	0.019419
1093	0.013033
1094	0.012653
1095	0.020219
1096	0.011409
1097	0.01419
1098	0.014477
1099	0.01924
1100	0.017758
1101	0.011456
1102	0.017104
1103	0.020691
1104	0.013444
1105	0.014669
1106	0.016067
1107	0.014868
1108	0.014414
1109	0.01325
1110	0.023463
1111	0.0087989
1112	0.022438
1113	0.012982
1114	0.013936
1115	0.020923
1116	0.015652
1117	0.0203
1118	0.015181
1119	0.011916
1120	0.0175
1121	0.016349
1122	0.01483
1123	0.014319
1124	0.012301
1125	0.016827
1126	0.013958
1127	0.017724
1128	0.016064
1129	0.016869
1130	0.0084824
1131	0.01479
1132	0.018923
1133	0.011386
1134	0.015605
1135	0.01574
1136	0.015607
1137	0.017262
1138	0.012319
1139	0.010528
1140	0.013789
1141	0.013994
1142	0.012686
1143	0.019842
1144	0.016917
1145	0.013956
1146	0.011768
1147	0.023591
1148	0.018562
1149	0.017761
1150	0.016098
1151	0.011824
1152	0.015147
1153	0.0126
1154	0.014769
1155	0.016098
1156	0.013541
1157	0.02029
1158	0.016064
1159	0.014816
1160	0.018976
1161	0.017764
1162	0.013046
1163	0.011435
1164	0.016845
1165	0.011424
1166	0.015586
1167	0.015219
1168	0.013037
1169	0.018163
1170	0.016002
1171	0.016069
1172	0.016003
1173	0.019019
1174	0.013058
1175	0.015601
1176	0.016515
1177	0.010112
1178	0.014795
1179	0.025755
1180	0.018207
1181	0.013425
1182	0.013106
1183	0.017279
1184	0.013481
1185	0.019805
1186	0.016857
1187	0.011387
1188	0.013087
1189	0.016039
1190	0.017687
1191	0.016013
1192	0.012218
1193	0.013912
1194	0.014758
1195	0.01558
1196	0.013039
1197	0.016499
1198	0.014596
1199	0.013109
1200	0.017277
1201	0.018467
1202	0.013114
1203	0.013581
1204	0.011405
1205	0.013081
1206	0.015641
1207	0.0067636
1208	0.015629
1209	0.019428
1210	0.013921
1211	0.015608
1212	0.01898
1213	0.013069
1214	0.0177
1215	0.015168
1216	0.013899
1217	0.017692
1218	0.020633
1219	0.015156
1220	0.015572
1221	0.015568
1222	0.015148
1223	0.013457
1224	0.015566
1225	0.015138
1226	0.013455
1227	0.018507
1228	0.020611
1229	0.013031
1230	0.015554
1231	0.015136
1232	0.014293
1233	0.01724
1234	0.012189
1235	0.014718
1236	0.019757
1237	0.013462
1238	0.017667
1239	0.013883
1240	0.014304
1241	0.018507
1242	0.014725
1243	0.017648
1244	0.016795
1245	0.017223
1246	0.015931
1247	0.011341
1248	0.016803
1249	0.0092483
1250	0.014706
1251	0.018095
1252	0.017643
1253	0.016756
1254	0.011331
1255	0.015532
1256	0.013005
1257	0.010057
1258	0.012156
1259	0.016773
1260	0.013007
1261	0.017632
1262	0.01595
1263	0.0099573
1264	0.013452
1265	0.01497
1266	0.017657
1267	0.019179
1268	0.022278
1269	0.013823
1270	0.014603
1271	0.012603
1272	0.01675
1273	0.021369
1274	0.013411
1275	0.0176
1276	0.016752
1277	0.014971
1278	0.023057
1279	0.018411
1280	0.012411
1281	0.017491
1282	0.020146
1283	0.013477
1284	0.016345
1285	0.014547
1286	0.015561
1287	0.021711
1288	0.0098394
1289	0.018227
1290	0.020909
1291	0.014207
1292	0.018678
1293	0.015763
1294	0.010893
1295	0.011748
1296	0.016274
1297	0.017968
1298	0.017931
1299	0.012185
1300	0.015019
1301	0.0099503
1302	0.013034
1303	0.012838
1304	0.01718
1305	0.012446
1306	0.013413
1307	0.016279
1308	0.017647
1309	0.014703
1310	0.011069
1311	0.016271
1312	0.019201
1313	0.013373
1314	0.018811
1315	0.016643
1316	0.015834
1317	0.0091234
1318	0.015954
1319	0.01665
1320	0.020325
1321	0.017956
1322	0.018353
1323	0.01503
1324	0.020827
1325	0.011649
1326	0.015824
1327	0.017908
1328	0.019162
1329	0.012896
1330	0.0082904
1331	0.010347
1332	0.018716
1333	0.015889
1334	0.012474
1335	0.017016
1336	0.011218
1337	0.014527
1338	0.019551
1339	0.012433
1340	0.014149
1341	0.017946
1342	0.015705
1343	0.016035
1344	0.015044
1345	0.018675
1346	0.016556
1347	0.010986
1348	0.016328
1349	0.017406
1350	0.016051
1351	0.015814
1352	0.017171
1353	0.02047
1354	0.014628
1355	0.013434
1356	0.01414
1357	0.013246
1358	0.015654
1359	0.018557
1360	0.0079457
1361	0.015297
1362	0.014694
1363	0.019656
1364	0.015319
1365	0.011395
1366	0.016576
1367	0.015744
1368	0.013937
1369	0.015676
1370	0.01788
1371	0.015172
1372	0.016314
1373	0.019084
1374	0.027022
1375	0.011509
1376	0.021325
1377	0.012916
1378	0.015057
1379	0.016199
1380	0.016847
1381	0.021082
1382	0.019958
1383	0.011983
1384	0.018233
1385	0.011619
1386	0.01807
1387	0.012883
1388	0.019779
1389	0.015033
1390	0.01752
1391	0.015642
1392	0.016294
1393	0.014542
1394	0.012936
1395	0.019486
1396	0.016812
1397	0.012103
1398	0.015851
1399	0.016439
1400	0.020357
1401	0.022721
1402	0.018492
1403	0.024767
1404	0.015815
1405	0.021476
1406	0.018439
1407	0.019875
1408	0.017585
1409	0.022558
1410	0.018663
1411	0.023597
1412	0.019778
1413	0.018934
1414	0.018936
1415	0.020697
1416	0.026401
1417	0.018704
1418	0.022248
1419	0.020704
1420	0.02097
1421	0.026101
1422	0.022443
1423	0.026682
1424	0.029604
1425	0.036485
1426	0.035451
1427	0.038964
1428	0.037503
1429	0.040573
1430	0.041948
1431	0.045963
1432	0.050531
1433	0.057046
1434	0.056351
1435	0.057487
1436	0.059729
1437	0.065955
1438	0.071257
1439	0.076782
1440	0.080904
1441	0.086344
1442	0.084225
1443	0.091494
1444	0.096561
1445	0.095268
1446	0.11211
1447	0.11631
1448	0.12041
1449	0.12682
1450	0.14001
1451	0.14791
1452	0.15848
1453	0.17083
1454	0.18051
1455	0.19692
1456	0.21409
1457	0.22721
1458	0.24257
1459	0.26597
1460	0.29231
1461	0.32354
1462	0.35263
1463	0.39165
1464	0.42356
1465	0.47115
1466	0.52464
1467	0.58445
1468	0.64635
1469	0.73264
1470	0.8161
1471	0.92378
1472	1.0458
1473	1.1776
1474	1.3398
1475	1.5226
1476	1.7303
1477	1.9729
1478	2.253
1479	2.581
1480	2.9527
1481	3.3896
1482	3.8919
1483	4.4458
1484	5.1081
1485	5.8341
1486	6.69
1487	7.6482
1488	8.7216
1489	9.9081
1490	11.228
1491	12.705
1492	14.339
1493	16.167
1494	18.082
1495	20.223
1496	22.5
1497	24.979
1498	27.651
1499	30.444
1500	33.534
1501	36.659
1502	39.956
1503	43.46
1504	46.935
1505	50.552
1506	54.276
1507	57.896
1508	61.413
1509	64.858
1510	68.045
1511	71.036
1512	73.735
1513	76.108
1514	78.127
1515	79.744
1516	81.038
1517	82.024
1518	82.669
1519	83.074
1520	83.27
1521	83.259
1522	83.159
1523	82.957
1524	82.675
1525	82.384
1526	82.082
1527	81.803
1528	81.547
1529	81.328
1530	81.197
1531	81.1
1532	81.051
1533	81.095
1534	81.178
1535	81.279
1536	81.444
1537	81.656
1538	81.899
1539	82.142
1540	82.416
1541	82.697
1542	82.976
1543	83.233
1544	83.502
1545	83.717
1546	83.917
1547	84.105
1548	84.219
1549	84.335
1550	84.403
1551	84.414
1552	84.461
1553	84.455
1554	84.39
1555	84.374
1556	84.294
1557	84.224
1558	84.141
1559	84.087
1560	83.996
1561	83.961
1562	83.954
1563	83.857
1564	83.892
1565	83.916
1566	83.914
1567	83.971
1568	84.086
1569	84.166
1570	84.269
1571	84.415
1572	84.556
1573	84.68
1574	84.862
1575	85.055
1576	85.226
1577	85.393
1578	85.596
1579	85.792
1580	85.949
1581	86.126
1582	86.304
1583	86.468
1584	86.61
1585	86.717
1586	86.88
1587	86.963
1588	87.02
1589	87.129
1590	87.17
1591	87.187
1592	87.234
1593	87.248
1594	87.263
1595	87.254
1596	87.257
1597	87.247
1598	87.209
1599	87.2
1600	87.165
1601	87.136
1602	87.134
1603	87.134
1604	87.139
1605	87.111
1606	87.152
1607	87.189
1608	87.199
1609	87.252
1610	87.298
1611	87.354
1612	87.42
1613	87.492
1614	87.591
1615	87.651
1616	87.751
1617	87.83
1618	87.916
1619	88
1620	88.061
1621	88.166
1622	88.186
1623	88.242
1624	88.266
1625	88.304
1626	88.288
1627	88.269
1628	88.223
1629	88.155
1630	88.06
1631	87.93
1632	87.788
1633	87.637
1634	87.467
1635	87.261
1636	87.042
1637	86.795
1638	86.556
1639	86.283
1640	85.989
1641	85.721
1642	85.432
1643	85.146
1644	84.861
1645	84.567
1646	84.316
1647	84.027
1648	83.777
1649	83.557
1650	83.33
1651	83.107
1652	82.951
1653	82.806
1654	82.651
1655	82.541
1656	82.48
1657	82.41
1658	82.379
1659	82.357
1660	82.39
1661	82.451
1662	82.523
1663	82.632
1664	82.77
1665	82.913
1666	83.086
1667	83.299
1668	83.48
1669	83.715
1670	83.939
1671	84.192
1672	84.441
1673	84.702
1674	84.944
1675	85.206
1676	85.446
1677	85.722
1678	85.935
1679	86.147
1680	86.366
1681	86.567
1682	86.755
1683	86.909
1684	87.071
1685	87.198
1686	87.272
1687	87.336
1688	87.376
1689	87.408
1690	87.417
1691	87.397
1692	87.366
1693	87.326
1694	87.254
1695	87.164
1696	87.064
1697	86.939
1698	86.835
1699	86.709
1700	86.578
1701	86.45
1702	86.349
1703	86.226
1704	86.126
1705	86.034
1706	85.959
1707	85.864
1708	85.826
1709	85.786
1710	85.762
1711	85.764
1712	85.773
1713	85.811
1714	85.832
1715	85.863
1716	85.922
1717	85.972
1718	86.016
1719	86.062
1720	86.121
1721	86.155
1722	86.172
1723	86.199
1724	86.185
1725	86.159
1726	86.103
1727	86.029
1728	85.904
1729	85.755
1730	85.593
1731	85.386
1732	85.13
1733	84.867
1734	84.546
1735	84.178
1736	83.815
1737	83.426
1738	83
1739	82.564
1740	82.112
1741	81.667
1742	81.204
1743	80.755
1744	80.337
1745	79.892
1746	79.473
1747	79.098
1748	78.745
1749	78.416
1750	78.127
1751	77.881
1752	77.67
1753	77.519
1754	77.386
1755	77.322
1756	77.29
1757	77.311
1758	77.383
1759	77.488
1760	77.643
1761	77.838
1762	78.09
1763	78.316
1764	78.605
1765	78.949
1766	79.246
1767	79.55
1768	79.883
1769	80.191
1770	80.47
1771	80.705
1772	80.897
1773	81.036
1774	81.081
1775	81.037
1776	80.9
1777	80.632
1778	80.213
1779	79.684
1780	78.967
1781	78.051
1782	76.955
1783	75.647
1784	74.057
1785	72.271
1786	70.219
1787	67.912
1788	65.281
1789	62.467
1790	59.35
1791	55.988
1792	52.517
1793	48.917
1794	45.194
1795	41.42
1796	37.787
1797	34.086
1798	30.664
1799	27.44
1800	24.344
1801	21.545
1802	18.944
1803	16.621
1804	14.556
1805	12.722
1806	11.07
1807	9.6262
1808	8.3656
1809	7.2785
1810	6.3056
1811	5.4764
1812	4.758
1813	4.1271
1814	3.5932
1815	3.1422
1816	2.7167
1817	2.3724
1818	2.0907
1819	1.8327
1820	1.6048
1821	1.4027
1822	1.2191
1823	1.079
1824	0.95817
1825	0.85675
1826	0.75555
1827	0.6701
1828	0.59922
1829	0.53234
1830	0.47756
1831	0.42173
1832	0.37658
1833	0.34211
1834	0.31209
1835	0.28288
1836	0.25369
1837	0.22919
1838	0.21165
1839	0.19448
1840	0.17656
1841	0.15962
1842	0.14365
1843	0.13539
1844	0.1266
1845	0.12255
1846	0.106
1847	0.10202
1848	0.086757
1849	0.081087
1850	0.076607
1851	0.077941
1852	0.070724
1853	0.062408
1854	0.059941
1855	0.055075
1856	0.058638
1857	0.046693
1858	0.049489
1859	0.043708
1860	0.045056
1861	0.04508
1862	0.029527
1863	0.041423
1864	0.040226
1865	0.035572
1866	0.037097
1867	0.031276
1868	0.034323
1869	0.033734
1870	0.024631
1871	0.028332
1872	0.030764
1873	0.028688
1874	0.031323
1875	0.026136
1876	0.019178
1877	0.028608
1878	0.022068
1879	0.030374
1880	0.025788
1881	0.021832
1882	0.02235
1883	0.027675
1884	0.015748
1885	0.026631
1886	0.020516
1887	0.019583
1888	0.020324
1889	0.024341
1890	0.024952
1891	0.017157
1892	0.019478
1893	0.019409
1894	0.013749
1895	0.01819
1896	0.01919
1897	0.021022
1898	0.020992
1899	0.019144
1900	0.017598
1901	0.018691
1902	0.021946
1903	0.00976
1904	0.019314
1905	0.013201
1906	0.023392
1907	0.021239
1908	0.012901
1909	0.029223
1910	0.022558
1911	0.018687
1912	0.016178
1913	0.018091
1914	0.018789
1915	0.016663
1916	0.016132
1917	0.019005
1918	0.012064
1919	0.018836
1920	0.016278
1921	0.014521
1922	0.019197
1923	0.015673
1924	0.023855
1925	0.013999
1926	0.010651
1927	0.015251
1928	0.019278
1929	0.015634
1930	0.014089
1931	0.013602
1932	0.018532
1933	0.021416
1934	0.013565
1935	0.013913
1936	0.018027
1937	0.01401
1938	0.017227
1939	0.018474
1940	0.013629
1941	0.01937
1942	0.018496
1943	0.0097953
1944	0.011107
1945	0.014865
1946	0.017187
1947	0.016041
1948	0.011084
1949	0.013138
1950	0.014385
1951	0.017757
1952	0.011301
1953	0.015759
1954	0.019966
1955	0.012521
1956	0.020701
1957	0.014736
1958	0.013345
1959	0.015216
1960	0.015183
1961	0.011434
1962	0.019232
1963	0.016015
1964	0.017746
1965	0.016387
1966	0.013931
1967	0.016431
1968	0.01561
1969	0.017564
1970	0.014735
1971	0.011497
1972	0.015203
1973	0.012305
1974	0.012729
1975	0.011872
1976	0.013148
1977	0.017611
1978	0.017206
1979	0.014812
1980	0.011797
1981	0.011317
1982	0.014339
1983	0.018485
1984	0.017201
1985	0.014445
1986	0.0092975
1987	0.018882
1988	0.018445
1989	0.013968
1990	0.010685
1991	0.017608
1992	0.018825
1993	0.016431
1994	0.01879
1995	0.0097968
1996	0.017523
1997	0.014607
1998	0.014461
1999	0.016373
2000	0.01487
2001	0.017659
2002	0.019677
2003	0.0144
2004	0.01765
2005	0.016016
2006	0.018077
2007	0.0066107
2008	0.0090496
2009	0.017641
2010	0.017264
2011	0.0173
2012	0.017211
2013	0.012306
2014	0.013975
2015	0.013197
2016	0.0085624
2017	0.018902
2018	0.016013
2019	0.020136
2020	0.014785
2021	0.012662
2022	0.018036
2023	0.010427
2024	0.014885
2025	0.012375
2026	0.015607
2027	0.011593
2028	0.014118
2029	0.018346
2030	0.015057
2031	0.018432
2032	0.013994
2033	0.011951
2034	0.019139
2035	0.016898
2036	0.012568
2037	0.018363
2038	0.018024
2039	0.017316
2040	0.017618
2041	0.014033
2042	0.014376
2043	0.015952
2044	0.018052
2045	0.01557
2046	0.020513
2047	0.018089
2048	0.020062
2049	0.021293
2050	0.018043
2051	0.018009
2052	0.016801
2053	0.012561
2054	0.011123
2055	0.014211
2056	0.011923
2057	0.012327
2058	0.014507
2059	0.014552
2060	0.018296
2061	0.014837
2062	0.013559
2063	0.014
2064	0.018282
2065	0.01397
2066	0.014585
2067	0.017242
2068	0.014335
2069	0.015173
2070	0.021177
2071	0.01888
2072	0.016032
2073	0.01223
2074	0.017141
2075	0.018026
2076	0.012715
2077	0.010641
2078	0.017209
2079	0.02051
2080	0.018473
2081	0.017677
2082	0.017554
2083	0.017622
2084	0.01389
2085	0.02004
2086	0.015939
2087	0.015178
2088	0.016685
2089	0.017173
2090	0.014702
2091	0.013487
2092	0.017994
2093	0.016327
2094	0.014179
2095	0.016561
2096	0.014956
2097	0.016738
2098	0.016608
2099	0.013862
2100	0.017555
2101	0.020158
2102	0.016517
2103	0.020177
2104	0.013875
2105	0.0088638
2106	0.0087959
2107	0.011884
2108	0.01621
2109	0.016479
2110	0.016262
2111	0.014726
2112	0.012695
2113	0.01636
2114	0.018437
2115	0.010181
2116	0.01799
2117	0.016793
2118	0.021303
2119	0.015574
2120	0.017576
2121	0.014736
2122	0.016308
2123	0.014713
2124	0.017142
2125	0.016758
2126	0.018763
2127	0.017339
2128	0.018401
2129	0.012556
2130	0.016457
2131	0.014403
2132	0.014436
2133	0.012037
2134	0.012908
2135	0.013544
2136	0.012726
2137	0.01688
2138	0.01425
2139	0.013214
2140	0.015402
2141	0.013916
2142	0.01062
2143	0.013213
2144	0.015411
2145	0.011058
2146	0.013036
2147	0.015131
2148	0.016656
2149	0.016711
2150	0.016384
2151	0.018763
2152	0.018357
2153	0.016315
2154	0.01632
2155	0.016285
2156	0.016364
2157	0.015613
2158	0.012586
2159	0.015931
2160	0.017123
2161	0.017541
2162	0.011859
2163	0.017978
2164	0.011355
2165	0.011883
2166	0.013441
2167	0.017961
2168	0.015136
2169	0.018758
2170	0.011476
2171	0.01425
2172	0.015963
2173	0.015563
2174	0.013213
2175	0.013503
2176	0.014023
2177	0.015185
2178	0.014283
2179	0.01742
2180	0.014577
2181	0.017594
2182	0.016132
2183	0.014967
2184	0.016769
2185	0.013114
2186	0.011928
2187	0.014738
2188	0.016026
2189	0.015687
2190	0.01319
2191	0.017517
2192	0.01322
2193	0.011421
2194	0.012097
2195	0.013054
2196	0.015866
2197	0.019856
2198	0.013379
2199	0.016147
2200	0.017739
2201	0.013281
2202	0.011262
2203	0.01589
2204	0.012109
2205	0.012916
2206	0.018188
2207	0.011795
2208	0.019748
2209	0.015867
2210	0.014498
2211	0.017017
2212	0.015662
2213	0.012189
2214	0.02195
2215	0.017127
2216	0.018979
2217	0.016177
2218	0.015013
2219	0.010567
2220	0.014117
2221	0.015486
2222	0.015605
2223	0.015855
2224	0.014542
2225	0.016198
2226	0.0085455
2227	0.02057
2228	0.01253
2229	0.019559
2230	0.016368
2231	0.0097884
2232	0.016565
2233	0.016614
2234	0.020254
2235	0.016298
2236	0.011702
2237	0.015533
2238	0.012522
2239	0.01295
2240	0.016586
2241	0.017842
2242	0.013375
2243	0.014683
2244	0.017236
2245	0.016378
2246	0.012563
2247	0.018207
2248	0.011296
2249	0.018772
2250	0.013311
2251	0.010885
2252	0.018092
2253	0.016724
2254	0.01759
2255	0.015371
2256	0.014401
2257	0.018307
2258	0.015366
2259	0.015338
2260	0.015699
2261	0.01772
2262	0.014262
2263	0.013952
2264	0.013513
2265	0.013384
2266	0.014996
2267	0.015017
2268	0.019591
2269	0.013677
2270	0.018908
2271	0.017571
2272	0.01465
2273	0.019655
2274	0.01468
2275	0.014865
2276	0.014936
2277	0.01904
2278	0.015401
2279	0.01788
2280	0.016791
2281	0.015285
2282	0.014262
2283	0.013175
2284	0.019869
2285	0.017048
2286	0.01599
2287	0.016628
2288	0.016869
2289	0.017223
2290	0.01601
2291	0.014352
2292	0.020268
2293	0.015258
2294	0.018766
2295	0.023585
2296	0.015637
2297	0.019768
2298	0.018259
2299	0.016253
2300	0.015318
2301	0.014866
2302	0.015196
2303	0.015491
2304	0.017735
2305	0.013789
2306	0.015657
2307	0.016239
2308	0.013821
2309	0.015733
2310	0.012901
2311	0.014875
2312	0.013605
2313	0.010661
2314	0.014717
2315	0.015151
2316	0.017857
2317	0.016963
2318	0.013373
2319	0.012503
2320	0.014978
2321	0.019069
2322	0.013019
2323	0.016153
2324	0.021932
2325	0.01663
2326	0.017028
2327	0.016259
2328	0.020116
2329	0.0059229
2330	0.015137
2331	0.015129
2332	0.016643
2333	0.017188
2334	0.019245
2335	0.01463
2336	0.016213
2337	0.017773
2338	0.014108
2339	0.016568
2340	0.020929
2341	0.018869
2342	0.020117
2343	0.01499
2344	0.017427
2345	0.0092315
2346	0.016486
2347	0.01532
2348	0.013357
2349	0.017315
2350	0.010086
2351	0.019886
2352	0.010553
2353	0.015328
2354	0.021338
2355	0.015083
2356	0.014102
2357	0.017055
2358	0.017145
2359	0.012812
2360	0.019638
2361	0.019256
2362	0.013732
2363	0.018353
2364	0.012008
2365	0.023135
2366	0.011296
2367	0.017173
2368	0.013003
2369	0.014998
2370	0.017847
2371	0.020264
2372	0.019368
2373	0.01017
2374	0.013782
2375	0.015888
2376	0.014924
2377	0.012987
2378	0.019313
2379	0.017183
2380	0.017482
2381	0.020649
2382	0.016894
2383	0.012577
2384	0.012529
2385	0.016187
2386	0.014163
2387	0.018706
2388	0.011955
2389	0.014704
2390	0.011778
2391	0.010865
2392	0.010054
2393	0.014491
2394	0.013038
2395	0.01029
2396	0.017391
2397	0.01749
2398	0.01466
2399	0.016257
2400	0.017864
2401	0.019604
2402	0.018447
2403	0.013768
2404	0.013258
2405	0.016777
2406	0.01583
2407	0.020681
2408	0.016298
2409	0.010591
2410	0.016137
2411	0.017639
2412	0.019105
2413	0.013406
2414	0.015818
2415	0.015868
2416	0.015053
2417	0.01955
2418	0.018567
2419	0.020463
2420	0.011504
2421	0.019526
2422	0.019905
2423	0.015411
2424	0.01821
2425	0.01479
2426	0.016639
2427	0.014252
2428	0.021786
2429	0.0097691
2430	0.013057
2431	0.0097241
2432	0.015788
2433	0.018838
2434	0.010515
2435	0.019624
2436	0.009387
2437	0.016312
2438	0.010572
2439	0.017136
2440	0.0097267
2441	0.01147
2442	0.01726
2443	0.016815
2444	0.011755
2445	0.015495
2446	0.0097362
2447	0.014011
2448	0.02166
2449	0.019719
2450	0.02236
2451	0.01964
2452	0.015918
2453	0.017214
2454	0.015057
2455	0.015555
2456	0.015891
2457	0.014369
2458	0.016643
2459	0.016254
2460	0.013682
2461	0.012507
2462	0.017958
2463	0.015252
2464	0.016067
2465	0.020445
2466	0.0090198
2467	0.017644
2468	0.016444
2469	0.013183
2470	0.013231
2471	0.016883
2472	0.016032
2473	0.014035
2474	0.011811
2475	0.016812
2476	0.012795
2477	0.020513
2478	0.0168
2479	0.013492
2480	0.015065
2481	0.015603
2482	0.014265
2483	0.011075
2484	0.014324
2485	0.018501
2486	0.012705
2487	0.018427
2488	0.014814
2489	0.020137
2490	0.015489
2491	0.016752
2492	0.010587
2493	0.010415
2494	0.020191
2495	0.01602
2496	0.019707
2497	0.017012
2498	0.015791
2499	0.016442
2500	0.015952
2501	0.019258
2502	0.015093
2503	0.012009
2504	0.017963
2505	0.017286
2506	0.015986
2507	0.011943
2508	0.015871
2509	0.01233
2510	0.011088
2511	0.016758
2512	0.013103
2513	0.012336
2514	0.012124
2515	0.015262
2516	0.016721
2517	0.022625
2518	0.0089266
2519	0.014408
2520	0.013707
2521	0.015141
2522	0.011921
2523	0.018414
2524	0.016363
2525	0.016809
2526	0.013587
2527	0.015641
2528	0.017799
2529	0.013825
2530	0.0067066
2531	0.019712
2532	0.01346
2533	0.013979
2534	0.013783
2535	0.012525
2536	0.014264
2537	0.014506
2538	0.013849
2539	0.0151
2540	0.013765
2541	0.013488
2542	0.012086
2543	0.0028241
2544	0.015105
2545	0.020362
2546	0.014774
2547	0.01422
2548	0.018189
2549	0.016301
2550	0.017001
2551	0.017526
2552	0.019718
2553	0.01681
2554	0.0099109
2555	0.017528
2556	0.013592
2557	0.01898
2558	0.014474
2559	0.013899
2560	0.011528
2561	0.015108
2562	0.016908
2563	0.013555
2564	0.019596
2565	0.015597
2566	0.01547
2567	0.011511
2568	0.017196
2569	0.016089
2570	0.016786
2571	0.0092548
2572	0.017354
2573	0.016539
2574	0.013159
2575	0.014845
2576	0.009867
2577	0.022232
2578	0.013414
2579	0.013695
2580	0.017264
2581	0.013
2582	0.017694
2583	0.016485
2584	0.016498
2585	0.017357
2586	0.017257
2587	0.018177
2588	0.013564
2589	0.018615
2590	0.014606
2591	0.018114
2592	0.016601
2593	0.015788
2594	0.018227
2595	0.017319
2596	0.015036
2597	0.015967
2598	0.015089
2599	0.022334
2600	0.013832
2601	0.014011
2602	0.01516
2603	0.015477
2604	0.012617
2605	0.017336
2606	0.01674
2607	0.018164
2608	0.019334
2609	0.011282
2610	0.011709
2611	0.011355
2612	0.013412
2613	0.016561
2614	0.016543
2615	0.020407
2616	0.019088
2617	0.018901
2618	0.016342
2619	0.014904
2620	0.015427
2621	0.01714
2622	0.017718
2623	0.012683
2624	0.014093
2625	0.017874
2626	0.021487
2627	0.015967
2628	0.010635
2629	0.011417
2630	0.0095787
2631	0.016922
2632	0.012855
2633	0.019961
2634	0.012444
2635	0.013588
2636	0.014885
2637	0.014094
2638	0.01357
2639	0.019174
2640	0.0177
2641	0.013913
2642	0.018345
2643	0.014217
2644	0.0084814
2645	0.0098442
2646	0.012441
2647	0.010704
2648	0.015537
2649	0.018536
2650	0.014989
2651	0.016686
2652	0.013479
2653	0.010306
2654	0.015512
2655	0.016271
2656	0.017888
2657	0.010514
2658	0.016591
2659	0.0116
2660	0.01392
2661	0.020933
2662	0.018879
2663	0.019595
2664	0.011083
2665	0.018955
2666	0.013203
2667	0.017713
2668	0.01367
2669	0.017144
2670	0.016093
2671	0.018082
2672	0.012386
2673	0.021821
2674	0.013939
2675	0.020275
2676	0.014646
2677	0.021882
2678	0.019768
2679	0.014265
2680	0.020381
2681	0.017191
2682	0.017826
2683	0.016591
2684	0.017234
2685	0.01374
2686	0.019524
2687	0.012494
2688	0.020489
2689	0.017527
2690	0.016791
2691	0.011451
2692	0.012781
2693	0.010714
2694	0.015187
2695	0.019419
2696	0.019368
2697	0.012022
2698	0.015232
2699	0.014735
2700	0.015934
2701	0.013175
2702	0.017305
2703	0.019844
2704	0.015054
2705	0.019128
2706	0.0084971
2707	0.015247
2708	0.011868
2709	0.017648
2710	0.01229
2711	0.016298
2712	0.015972
2713	0.016165
2714	0.019228
2715	0.016418
2716	0.011328
2717	0.017963
2718	0.013691
2719	0.019631
2720	0.01148
2721	0.013284
2722	0.018623
2723	0.016616
2724	0.017823
2725	0.020371
2726	0.015993
2727	0.017453
2728	0.015476
2729	0.014666
2730	0.0155
2731	0.013024
2732	0.016497
2733	0.015067
2734	0.017844
2735	0.019408
2736	0.01819
2737	0.013176
2738	0.016385
2739	0.0095124
2740	0.016084
2741	0.016821
2742	0.021508
2743	0.017198
2744	0.011966
2745	0.021303
2746	0.017089
2747	0.018792
2748	0.017657
2749	0.013233
2750	0.014693
2751	0.010347
2752	0.015766
2753	0.01899
2754	0.015913
2755	0.015227
2756	0.019829
2757	0.017268
2758	0.013209
2759	0.0092435
2760	0.021506
2761	0.014646
2762	0.015966
2763	0.011834
2764	0.019326
2765	0.017279
2766	0.01463
2767	0.013883
2768	0.01125
2769	0.021423
2770	0.014946
2771	0.016307
2772	0.013841
2773	0.017184
2774	0.018748
2775	0.017125
2776	0.010853
2777	0.016066
2778	0.012846
2779	0.015648
2780	0.014748
2781	0.019374
2782	0.01819
2783	0.015739
2784	0.018589
2785	0.017959
2786	0.012942
2787	0.015895
2788	0.011373
2789	0.01795
2790	0.021689
2791	0.016964
2792	0.021145
2793	0.019296
2794	0.017139
2795	0.017503
2796	0.01793
2797	0.017116
2798	0.01454
2799	0.020399
2800	0.018299
2801	0.015495
2802	0.012585
2803	0.015826
2804	0.011932
2805	0.013567
2806	0.012298
2807	0.014595
2808	0.016875
2809	0.014231
2810	0.013168
2811	0.020918
2812	0.016521
2813	0.013862
2814	0.010187
2815	0.014381
2816	0.011237
2817	0.01347
2818	0.018901
2819	0.018191
2820	0.014808
2821	0.022032
2822	0.012979
2823	0.013169
2824	0.017909
2825	0.01359
2826	0.012862
2827	0.014958
2828	0.020997
2829	0.017865
2830	0.021827
2831	0.018064
2832	0.017906
2833	0.019524
2834	0.013394
2835	0.015337
2836	0.019387
2837	0.023277
2838	0.020606
2839	0.022233
2840	0.017304
2841	0.022882
2842	0.01313
2843	0.02143
2844	0.01449
2845	0.020938
2846	0.023287
2847	0.011301
2848	0.019524
2849	0.022477
2850	0.018333
2851	0.025789
2852	0.027197
2853	0.015529
2854	0.022613
2855	0.021711
2856	0.029056
2857	0.019813
2858	0.012816
2859	0.023916
2860	0.024775
2861	0.028762
2862	0.018358
2863	0.02931
2864	0.02638
2865	0.03826
2866	0.026255
2867	0.02061
2868	0.018792
2869	0.029744
2870	0.023225
2871	0.022768
2872	0.028567
2873	0.032363
2874	0.022094
2875	0.020143
2876	0.023927
2877	0.03292
2878	0.024422
2879	0.027585
2880	0.026358
2881	0.026608
2882	0.021509
2883	0.030944
2884	0.023489
2885	0.042516
2886	0.030259
2887	0.024968
2888	0.03489
2889	0.029574
2890	0.013391
2891	0.040088
2892	0.0237
2893	0.042553
2894	0.038647
2895	0.028703
2896	0.031582
2897	0.039791
2898	0.033912
2899	0.018167
2900	0.04438
2901	0.030248
2902	0.035935
2903	0.03064
2904	0.036443
2905	0.036645
2906	0.029411
2907	0.035261
2908	0.035463
2909	0.031839
2910	0.027272
2911	0.045827
2912	0.042209
2913	0.048292
2914	0.034783
2915	0.033991
2916	0.04612
2917	0.054398
2918	0.021468
2919	0.02671
2920	0.047172
2921	0.047495
2922	0.04256
2923	0.035546
2924	0.049301
2925	0.042196
2926	0.034027
2927	0.037313
2928	0.037502
2929	0.043064
2930	0.039995
2931	0.038052
2932	0.042645
2933	0.035176
2934	0.023304
2935	0.038893
2936	0.043531
2937	0.041517
2938	0.042873
2939	0.025122
2940	0.051298
2941	0.042523
2942	0.03246
2943	0.044158
2944	0.05719
2945	0.042393
2946	0.054305
2947	0.058134
2948	0.043077
2949	0.043258
2950	0.061432
2951	0.031748
2952	0.054892
2953	0.055097
2954	0.032282
2955	0.047169
2956	0.032655
2957	0.042729
2958	0.054142
2959	0.030672
2960	0.042188
2961	0.053864
2962	0.064415
2963	0.035257
2964	0.038083
2965	0.048788
2966	0.026758
2967	0.05208
2968	0.068348
2969	0.042069
2970	0.054434
2971	0.038472
2972	0.05791
2973	0.056805
2974	0.058603
2975	0.057511
2976	0.045325
2977	0.059652
2978	0.043005
2979	0.039013
2980	0.047828
2981	0.055305
2982	0.058552
2983	0.064715
2984	0.075267
2985	0.038955
2986	0.052502
2987	0.072259
2988	0.056163
2989	0.056511
2990	0.059952
2991	0.061957
2992	0.045325
2993	0.05339
2994	0.086671
2995	0.055807
2996	0.045014
2997	0.059743
2998	0.060069
2999	0.058909
3000	0.077296
#3001	0.054859
#3002	0.068391
#3003	0.037319
#3004	0.050982
#3005	0.069764
#3006	0.061821
#3007	0.072537
#3008	0.074684
#3009	0.063089
#3010	0.056501
#3011	0.058723
#3012	0.073232
#3013	0.064903
#3014	0.068844
#3015	0.069354
#3016	0.044451
#3017	0.075919
#3018	0.093093
#3019	0.07712
#3020	0.10001
#3021	0.068652
#3022	0.057791
#3023	0.069785
#3024	0.074017
#3025	0.092098
#3026	0.083056
#3027	0.069802
#3028	0.10407
#3029	0.078799
#3030	0.085382
#3031	0.055659
#3032	0.068401
#3033	0.10792
#3034	0.061119
#3035	0.06569
#3036	0.099971
#3037	0.075155
#3038	0.099376
#3039	0.069938
#3040	0.068425
#3041	0.084229
#3042	0.089248
#3043	0.063285
#3044	0.10413
#3045	0.08245
#3046	0.10126
#3047	0.04469
#3048	0.084364
#3049	0.10373
#3050	0.066965
#3051	0.069836
#3052	0.086999
#3053	0.11684
#3054	0.078739
#3055	0.084317
#3056	0.097322
#3057	0.090601
#3058	0.08628
#3059	0.13259
#3060	0.11324
#3061	0.10884
#3062	0.12292
#3063	0.069086
#3064	0.12221
#3065	0.10732
#3066	0.13241
#3067	0.084937
#3068	0.13187
#3069	0.15227
#3070	0.14247
#3071	0.12683
#3072	0.080162
#3073	0.11203
#3074	0.07592
#3075	0.096833
#3076	0.077309
#3077	0.12803
#3078	0.14698
#3079	0.12727
#3080	0.1344
#3081	0.10206
#3082	0.11822
#3083	0.10721
#3084	0.13284
#3085	0.13096
#3086	0.14162
#3087	0.097852
#3088	0.10196
#3089	0.15182
#3090	0.10697
#3091	0.14451
#3092	0.14255
#3093	0.12682
#3094	0.14173
#3095	0.12573
#3096	0.11982
#3097	0.15965
#3098	0.16801
#3099	0.1302
#3100	0.18196
#3101	0.14708
#3102	0.15603
#3103	0.1724
#3104	0.10658
#3105	0.13038
#3106	0.20014
#3107	0.15178
#3108	0.11451
#3109	0.17042
#3110	0.18765
#3111	0.16527
#3112	0.17908
#3113	0.14003
#3114	0.14138
#3115	0.093168
#3116	0.11459
#3117	0.17016
#3118	0.23133
#3119	0.14719
#3120	0.15731
#3121	0.12814
#3122	0.1513
#3123	0.14821
#3124	0.14929
#3125	0.1731
#3126	0.11126
#3127	0.1531
#3128	0.16815
#3129	0.1789
#3130	0.13822
#3131	0.22899
#3132	0.19277
#3133	0.12245
#3134	0.23456
#3135	0.13893
#3136	0.24803
#3137	0.12644
#3138	0.18191
#3139	0.20356
#3140	0.22573
#3141	0.22693
#3142	0.14627
#3143	0.12158
#3144	0.26849
#3145	0.19171
#3146	0.19253
#3147	0.25821
#3148	0.18524
#3149	0.21357
#3150	0.24778
#3151	0.20023
#3152	0.27878
#3153	0.21387
#3154	0.22653
#3155	0.30152
#3156	0.24146
#3157	0.24907
#3158	0.19287
#3159	0.26384
#3160	0.17804
#3161	0.26144
#3162	0.19248
#3163	0.25331
#3164	0.18919
#3165	0.25136
#3166	0.21599
#3167	0.21759
#3168	0.16399
#3169	0.19606
#3170	0.24078
#3171	0.22392
#3172	0.18713
#3173	0.32214
#3174	0.26016
#3175	0.2682
#3176	0.23102
#3177	0.26615
#3178	0.20838
#3179	0.27674
#3180	0.31923
#3181	0.20664
#3182	0.23588
#3183	0.25782
#3184	0.31591
#3185	0.3679
#3186	0.27913
#3187	0.24627
#3188	0.28448
#3189	0.20716
#3190	0.34187
#3191	0.35264
#3192	0.28111
#3193	0.14119
#3194	0.27184
#3195	0.26817
#3196	0.27718
#3197	0.27343
#3198	0.34042
#3199	0.33525
#3200	0.31395
#3201	0.33375
#3202	0.26217
#3203	0.34037
#3204	0.33482
#3205	0.21887
#3206	0.17712
#3207	0.35365
#3208	0.305
#3209	0.30678
#3210	0.31086
#3211	0.34153
#3212	0.2808
#3213	0.34841
#3214	0.34334
#3215	0.37571
#3216	0.31331
#3217	0.29783
#3218	0.25157
#3219	0.29558
#3220	0.28848
#3221	0.46515
#3222	0.35894
#3223	0.34121
#3224	0.43025
#3225	0.30635
#3226	0.2893
#3227	0.42326
#3228	0.35048
#3229	0.46649
#3230	0.48086
#3231	0.49969
#3232	0.45745
#3233	0.35786
#3234	0.454
#3235	0.44997
#3236	0.41657
#3237	0.4945
#3238	0.4741
#3239	0.3933
#3240	0.44821
#3241	0.5189
#3242	0.52673
#3243	0.5596
#3244	0.395
#3245	0.42767
#3246	0.37967
#3247	0.49876
#3248	0.65026
#3249	0.58962
#3250	0.5996
#3251	0.52056
#3252	0.5621
#3253	0.74527
#3254	0.69366
#3255	0.51516
#3256	0.55814
#3257	0.68396
#3258	0.61388
#3259	0.76286
#3260	0.72581
#3261	0.75894
#3262	0.77188
#3263	0.53984
#3264	0.70172
#3265	0.82876
#3266	0.82502
#3267	0.53368
#3268	0.80932
#3269	0.71557
#3270	0.68533
#3271	0.80025
#3272	0.68242
#3273	1.0183
#3274	1.2088
#3275	0.64899
#3276	0.67826
#3277	0.97088
#3278	0.75275
#3279	0.68898
#3280	0.78196
#3281	0.79642
#3282	1.2943
#3283	0.93173
#3284	1.1665
#3285	1.1391
#3286	0.97626
#3287	0.76727
#3288	1.3704
#3289	1.0359
#3290	1.0026
#3291	1.5281
#3292	1.3936
#3293	1.6403
#3294	1.1446
#3295	1.1843
#3296	0.89858
#3297	1.4371
#3298	1.1371
#3299	1.0187
#3300	1.5002
