800	0.015067
801	0.0068735
802	0.015446
803	0.018627
804	0.013183
805	0.014945
806	0.011287
807	0.012726
808	0.013222
809	0.016092
810	0.015047
811	0.016761
812	0.012745
813	0.017781
814	0.013379
815	0.010639
816	0.012364
817	0.018736
818	0.010191
819	0.01764
820	0.0087243
821	0.013544
822	0.016297
823	0.013574
824	0.018425
825	0.013706
826	0.01486
827	0.019318
828	0.015623
829	0.014738
830	0.014083
831	0.01745
832	0.016578
833	0.010577
834	0.010818
835	0.016483
836	0.015107
837	0.016494
838	0.020261
839	0.017424
840	0.013007
841	0.011373
842	0.016942
843	0.01813
844	0.016039
845	0.011429
846	0.021657
847	0.0093643
848	0.015655
849	0.015668
850	0.018558
851	0.015042
852	0.011592
853	0.017602
854	0.012133
855	0.013148
856	0.011924
857	0.016189
858	0.010076
859	0.01528
860	0.020831
861	0.011094
862	0.007846
863	0.018462
864	0.014846
865	0.011479
866	0.011779
867	0.020126
868	0.015758
869	0.016655
870	0.016987
871	0.015369
872	0.016573
873	0.015029
874	0.015321
875	0.015105
876	0.0074202
877	0.017903
878	0.018356
879	0.018971
880	0.01051
881	0.01313
882	0.018176
883	0.014216
884	0.0082614
885	0.01756
886	0.014453
887	0.013789
888	0.013054
889	0.014987
890	0.020895
891	0.0098545
892	0.018416
893	0.018921
894	0.013139
895	0.012761
896	0.018303
897	0.014857
898	0.015789
899	0.0064711
900	0.014759
901	0.010674
902	0.015309
903	0.014573
904	0.01833
905	0.01277
906	0.01694
907	0.012423
908	0.019376
909	0.016728
910	0.019442
911	0.013053
912	0.0131
913	0.011196
914	0.017274
915	0.014549
916	0.014316
917	0.014646
918	0.01554
919	0.011121
920	0.0090147
921	0.021408
922	0.012951
923	0.016657
924	0.015926
925	0.016218
926	0.012032
927	0.014945
928	0.01158
929	0.014974
930	0.013289
931	0.027004
932	0.014234
933	0.010967
934	0.016521
935	0.013875
936	0.012005
937	0.015376
938	0.012515
939	0.016547
940	0.015475
941	0.01362
942	0.014065
943	0.016575
944	0.010758
945	0.012257
946	0.014208
947	0.015724
948	0.015467
949	0.011093
950	0.012894
951	0.016915
952	0.014582
953	0.015842
954	0.014176
955	0.015111
956	0.018718
957	0.0139
958	0.019248
959	0.022928
960	0.014525
961	0.017952
962	0.01598
963	0.021155
964	0.0093941
965	0.02094
966	0.017112
967	0.014339
968	0.016445
969	0.014282
970	0.017489
971	0.0092958
972	0.01784
973	0.01103
974	0.011028
975	0.014398
976	0.012304
977	0.01532
978	0.016887
979	0.011813
980	0.012396
981	0.013109
982	0.013546
983	0.01271
984	0.013164
985	0.014774
986	0.016709
987	0.011742
988	0.018197
989	0.014931
990	0.014845
991	0.010139
992	0.013163
993	0.016564
994	0.016515
995	0.014658
996	0.011035
997	0.015681
998	0.014343
999	0.016878
1000	0.01703
1001	0.013
1002	0.013579
1003	0.011291
1004	0.015647
1005	0.018196
1006	0.014323
1007	0.014261
1008	0.019015
1009	0.014588
1010	0.011957
1011	0.016745
1012	0.013324
1013	0.014433
1014	0.011876
1015	0.017232
1016	0.015241
1017	0.015496
1018	0.013807
1019	0.015285
1020	0.01368
1021	0.015103
1022	0.011987
1023	0.025264
1024	0.01348
1025	0.019478
1026	0.013431
1027	0.014198
1028	0.018622
1029	0.019692
1030	0.018555
1031	0.012242
1032	0.015812
1033	0.015552
1034	0.018962
1035	0.011751
1036	0.014651
1037	0.016386
1038	0.013917
1039	0.015091
1040	0.01307
1041	0.014174
1042	0.014798
1043	0.016472
1044	0.012158
1045	0.010798
1046	0.015674
1047	0.021313
1048	0.020658
1049	0.017216
1050	0.011795
1051	0.020514
1052	0.013076
1053	0.013417
1054	0.01569
1055	0.014184
1056	0.014246
1057	0.015751
1058	0.013386
1059	0.015905
1060	0.017402
1061	0.010402
1062	0.016147
1063	0.014553
1064	0.013078
1065	0.019031
1066	0.011357
1067	0.013764
1068	0.015586
1069	0.015117
1070	0.016012
1071	0.0096572
1072	0.017726
1073	0.018376
1074	0.014315
1075	0.015547
1076	0.010918
1077	0.011685
1078	0.019396
1079	0.010508
1080	0.015438
1081	0.017085
1082	0.01144
1083	0.017115
1084	0.012722
1085	0.01632
1086	0.0097085
1087	0.015517
1088	0.019416
1089	0.01605
1090	0.015132
1091	0.011271
1092	0.01857
1093	0.013505
1094	0.015588
1095	0.020622
1096	0.023228
1097	0.015033
1098	0.014058
1099	0.01714
1100	0.016005
1101	0.013991
1102	0.019753
1103	0.01261
1104	0.020164
1105	0.017184
1106	0.017253
1107	0.017353
1108	0.012961
1109	0.016103
1110	0.020945
1111	0.014731
1112	0.02193
1113	0.016829
1114	0.018164
1115	0.023838
1116	0.021574
1117	0.019019
1118	0.018998
1119	0.02033
1120	0.025535
1121	0.022209
1122	0.022808
1123	0.023643
1124	0.019463
1125	0.028616
1126	0.029212
1127	0.031651
1128	0.035794
1129	0.03588
1130	0.035246
1131	0.03765
1132	0.043387
1133	0.04491
1134	0.049995
1135	0.059157
1136	0.064929
1137	0.069659
1138	0.075796
1139	0.090338
1140	0.11626
1141	0.12783
1142	0.15575
1143	0.1863
1144	0.22356
1145	0.26022
1146	0.31332
1147	0.38214
1148	0.46611
1149	0.56666
1150	0.68352
1151	0.83094
1152	1.0157
1153	1.2456
1154	1.5129
1155	1.8569
1156	2.2641
1157	2.7758
1158	3.4063
1159	4.1903
1160	5.1772
1161	6.3834
1162	7.9401
1163	9.9205
1164	12.357
1165	15.613
1166	19.566
1167	24.354
1168	30.355
1169	37.308
1170	45.044
1171	53.525
1172	61.668
1173	69.033
1174	75.031
1175	79.321
1176	81.979
1177	83.257
1178	83.533
1179	83.218
1180	82.641
1181	82.031
1182	81.512
1183	81.187
1184	81.036
1185	81.071
1186	81.236
1187	81.514
1188	81.83
1189	82.185
1190	82.507
1191	82.777
1192	82.992
1193	83.134
1194	83.226
1195	83.277
1196	83.304
1197	83.328
1198	83.364
1199	83.463
1200	83.553
1201	83.726
1202	83.957
1203	84.228
1204	84.597
1205	84.949
1206	85.349
1207	85.82
1208	86.211
1209	86.64
1210	87.04
1211	87.363
1212	87.663
1213	87.876
1214	88.049
1215	88.094
1216	88.118
1217	88.076
1218	87.94
1219	87.788
1220	87.55
1221	87.339
1222	87.062
1223	86.784
1224	86.512
1225	86.27
1226	86.018
1227	85.803
1228	85.571
1229	85.428
1230	85.264
1231	85.188
1232	85.129
1233	85.097
1234	85.098
1235	85.153
1236	85.232
1237	85.312
1238	85.456
1239	85.631
1240	85.819
1241	86.053
1242	86.276
1243	86.529
1244	86.806
1245	87.099
1246	87.405
1247	87.708
1248	88.013
1249	88.316
1250	88.626
1251	88.891
1252	89.144
1253	89.416
1254	89.642
1255	89.838
1256	90.029
1257	90.186
1258	90.343
1259	90.432
1260	90.537
1261	90.647
1262	90.689
1263	90.73
1264	90.761
1265	90.811
1266	90.85
1267	90.888
1268	90.889
1269	90.98
1270	90.998
1271	91.028
1272	91.087
1273	91.122
1274	91.172
1275	91.222
1276	91.296
1277	91.344
1278	91.383
1279	91.427
1280	91.479
1281	91.485
1282	91.448
1283	91.428
1284	91.406
1285	91.334
1286	91.278
1287	91.184
1288	91.061
1289	90.91
1290	90.753
1291	90.566
1292	90.336
1293	90.101
1294	89.864
1295	89.589
1296	89.315
1297	89.038
1298	88.734
1299	88.433
1300	88.146
1301	87.832
1302	87.56
1303	87.25
1304	86.975
1305	86.714
1306	86.436
1307	86.248
1308	85.971
1309	85.751
1310	85.531
1311	85.363
1312	85.242
1313	85.154
1314	85.148
1315	85.227
1316	85.379
1317	85.704
1318	86.144
1319	86.702
1320	87.441
1321	88.26
1322	89.159
1323	89.993
1324	90.505
1325	90.537
1326	89.694
1327	87.585
1328	84.043
1329	78.531
1330	71.567
1331	63.336
1332	54.478
1333	45.843
1334	37.641
1335	30.368
1336	24.242
1337	19.304
1338	15.387
1339	12.215
1340	9.7754
1341	7.8566
1342	6.328
1343	5.1627
1344	4.2404
1345	3.5012
1346	2.9182
1347	2.451
1348	2.049
1349	1.747
1350	1.5017
1351	1.2844
1352	1.1158
1353	0.97358
1354	0.85253
1355	0.74611
1356	0.6637
1357	0.59395
1358	0.53667
1359	0.48801
1360	0.42962
1361	0.39781
1362	0.36639
1363	0.33059
1364	0.31081
1365	0.28331
1366	0.26822
1367	0.25118
1368	0.23477
1369	0.21919
1370	0.2064
1371	0.19194
1372	0.18404
1373	0.17756
1374	0.17127
1375	0.16042
1376	0.15839
1377	0.14215
1378	0.13845
1379	0.12987
1380	0.12692
1381	0.12158
1382	0.11581
1383	0.10345
1384	0.10591
1385	0.093421
1386	0.092892
1387	0.082265
1388	0.082736
1389	0.068333
1390	0.064972
1391	0.059617
1392	0.05847
1393	0.050443
1394	0.048314
1395	0.048734
1396	0.048448
1397	0.035108
1398	0.032795
1399	0.035844
1400	0.035089
1401	0.03521
1402	0.033087
1403	0.031633
1404	0.028172
1405	0.026996
1406	0.028191
1407	0.025342
1408	0.022502
1409	0.025901
1410	0.023358
1411	0.01948
1412	0.0251
1413	0.017721
1414	0.020634
1415	0.018999
1416	0.019799
1417	0.014215
1418	0.021378
1419	0.01905
1420	0.017219
1421	0.011613
1422	0.011758
1423	0.013525
1424	0.01753
1425	0.022314
1426	0.018157
1427	0.011386
1428	0.016676
1429	0.018217
1430	0.020631
1431	0.011635
1432	0.018307
1433	0.01303
1434	0.017443
1435	0.021293
1436	0.01439
1437	0.019544
1438	0.018934
1439	0.014222
1440	0.020874
1441	0.014916
1442	0.013778
1443	0.01492
1444	0.022752
1445	0.017397
1446	0.018411
1447	0.015416
1448	0.016081
1449	0.021319
1450	0.017405
1451	0.015766
1452	0.021221
1453	0.017745
1454	0.019832
1455	0.01291
1456	0.02031
1457	0.019474
1458	0.017435
1459	0.01697
1460	0.022034
1461	0.018925
1462	0.015373
1463	0.024839
1464	0.01768
1465	0.018438
1466	0.015466
1467	0.021278
1468	0.014245
1469	0.022778
1470	0.017947
1471	0.014978
1472	0.01698
1473	0.014168
1474	0.018335
1475	0.019495
1476	0.019518
1477	0.020209
1478	0.016708
1479	0.021495
1480	0.017006
1481	0.012456
1482	0.017516
1483	0.018212
1484	0.014096
1485	0.015767
1486	0.018686
1487	0.022012
1488	0.014105
1489	0.019523
1490	0.0090875
1491	0.01287
1492	0.013274
1493	0.019128
1494	0.011118
1495	0.016838
1496	0.012519
1497	0.014448
1498	0.01877
1499	0.017775
1500	0.019284
1501	0.012545
1502	0.015905
1503	0.018404
1504	0.0094117
1505	0.01549
1506	0.01732
1507	0.015391
1508	0.010399
1509	0.01951
1510	0.011673
1511	0.01333
1512	0.01167
1513	0.012424
1514	0.014113
1515	0.015394
1516	0.0191
1517	0.016656
1518	0.02285
1519	0.016256
1520	0.014485
1521	0.015131
1522	0.015067
1523	0.014137
1524	0.011029
1525	0.014865
1526	0.020051
1527	0.012083
1528	0.012392
1529	0.01462
1530	0.013639
1531	0.013365
1532	0.014565
1533	0.012529
1534	0.0162
1535	0.013769
1536	0.011174
1537	0.012475
1538	0.0079196
1539	0.012079
1540	0.015413
1541	0.010403
1542	0.013742
1543	0.017961
1544	0.014153
1545	0.011697
1546	0.012848
1547	0.0098704
1548	0.011713
1549	0.016524
1550	0.015172
1551	0.017312
1552	0.011592
1553	0.016717
1554	0.012047
1555	0.018688
1556	0.01572
1557	0.016736
1558	0.015757
1559	0.020856
1560	0.014156
1561	0.017971
1562	0.010406
1563	0.016255
1564	0.0082903
1565	0.016252
1566	0.014608
1567	0.014156
1568	0.013351
1569	0.018776
1570	0.015107
1571	0.013878
1572	0.011637
1573	0.0074599
1574	0.017726
1575	0.010048
1576	0.011435
1577	0.017708
1578	0.013661
1579	0.014222
1580	0.0074937
1581	0.015905
1582	0.016608
1583	0.012548
1584	0.014173
1585	0.011628
1586	0.016248
1587	0.016756
1588	0.01708
1589	0.013375
1590	0.012783
1591	0.011282
1592	0.01375
1593	0.012351
1594	0.014618
1595	0.017267
1596	0.0093901
1597	0.018686
1598	0.011242
1599	0.015619
1600	0.012598
1601	0.012181
1602	0.014009
1603	0.016416
1604	0.016952
1605	0.012111
1606	0.018762
1607	0.015929
1608	0.018276
1609	0.020908
1610	0.012467
1611	0.017567
1612	0.016282
1613	0.013347
1614	0.016235
1615	0.016208
1616	0.0053751
1617	0.018911
1618	0.011896
1619	0.013867
1620	0.015513
1621	0.01067
1622	0.011078
1623	0.013273
1624	0.018698
1625	0.0095151
1626	0.016773
1627	0.014943
1628	0.014591
1629	0.012121
1630	0.015019
1631	0.020386
1632	0.010017
1633	0.012127
1634	0.016257
1635	0.01296
1636	0.0082405
1637	0.015472
1638	0.014576
1639	0.01896
1640	0.0092268
1641	0.01951
1642	0.018771
1643	0.020967
1644	0.021152
1645	0.01417
1646	0.017749
1647	0.014666
1648	0.017103
1649	0.017485
1650	0.018358
1651	0.020126
1652	0.015427
1653	0.0099322
1654	0.01412
1655	0.017968
1656	0.017521
1657	0.011651
1658	0.015006
1659	0.012134
1660	0.014698
1661	0.013175
1662	0.012282
1663	0.009597
1664	0.023246
1665	0.013644
1666	0.010508
1667	0.014132
1668	0.010807
1669	0.016743
1670	0.013853
1671	0.017036
1672	0.015005
1673	0.01588
1674	0.017542
1675	0.022971
1676	0.015841
1677	0.016728
1678	0.017899
1679	0.018397
1680	0.01777
1681	0.011436
1682	0.015257
1683	0.016374
1684	0.014471
1685	0.012933
1686	0.013939
1687	0.018318
1688	0.013291
1689	0.013426
1690	0.014558
1691	0.014062
1692	0.015943
1693	0.012869
1694	0.017498
1695	0.017602
1696	0.012505
1697	0.01416
1698	0.017825
1699	0.013427
1700	0.01192
1701	0.012825
1702	0.018823
1703	0.016651
1704	0.018149
1705	0.011258
1706	0.012852
1707	0.012083
1708	0.012118
1709	0.013386
1710	0.014115
1711	0.020952
1712	0.014141
1713	0.016615
1714	0.015814
1715	0.013845
1716	0.013334
1717	0.013297
1718	0.018743
1719	0.011758
1720	0.014174
1721	0.017087
1722	0.017833
1723	0.015008
1724	0.011522
1725	0.01611
1726	0.01308
1727	0.010714
1728	0.014905
1729	0.016401
1730	0.0090765
1731	0.0163
1732	0.019372
1733	0.014643
1734	0.018265
1735	0.011639
1736	0.01161
1737	0.012954
1738	0.010406
1739	0.011688
1740	0.015412
1741	0.011242
1742	0.012434
1743	0.018323
1744	0.0095911
1745	0.014433
1746	0.011273
1747	0.012023
1748	0.013498
1749	0.016507
1750	0.01433
1751	0.015374
1752	0.018782
1753	0.018848
1754	0.012631
1755	0.016575
1756	0.011606
1757	0.011657
1758	0.015711
1759	0.01544
1760	0.010461
1761	0.014923
1762	0.011612
1763	0.012952
1764	0.016217
1765	0.014589
1766	0.014861
1767	0.014989
1768	0.012565
1769	0.011892
1770	0.015376
1771	0.016302
1772	0.018182
1773	0.010806
1774	0.017744
1775	0.019049
1776	0.013359
1777	0.013366
1778	0.01695
1779	0.017099
1780	0.015742
1781	0.018203
1782	0.016621
1783	0.017457
1784	0.016987
1785	0.012457
1786	0.01164
1787	0.014161
1788	0.0049538
1789	0.013299
1790	0.017848
1791	0.016697
1792	0.0124
1793	0.013495
1794	0.014717
1795	0.017419
1796	0.01879
1797	0.017941
1798	0.011455
1799	0.016181
1800	0.020259
1801	0.018233
1802	0.011257
1803	0.015297
1804	0.016093
1805	0.016954
1806	0.014955
1807	0.01786
1808	0.021537
1809	0.014571
1810	0.013701
1811	0.013803
1812	0.012433
1813	0.0090875
1814	0.0060229
1815	0.022074
1816	0.012972
1817	0.014436
1818	0.012882
1819	0.017508
1820	0.0078818
1821	0.014083
1822	0.012472
1823	0.013577
1824	0.0098514
1825	0.011703
1826	0.017056
1827	0.017404
1828	0.019037
1829	0.011999
1830	0.017771
1831	0.012089
1832	0.01293
1833	0.0087248
1834	0.01276
1835	0.018374
1836	0.014585
1837	0.013639
1838	0.018028
1839	0.011796
1840	0.017394
1841	0.014624
1842	0.016913
1843	0.023252
1844	0.017545
1845	0.015073
1846	0.013004
1847	0.020126
1848	0.010214
1849	0.012642
1850	0.010213
1851	0.011257
1852	0.014772
1853	0.018932
1854	0.0092336
1855	0.011185
1856	0.019952
1857	0.01317
1858	0.0093692
1859	0.013507
1860	0.016296
1861	0.014532
1862	0.0074901
1863	0.012344
1864	0.014337
1865	0.016554
1866	0.0164
1867	0.013811
1868	0.012127
1869	0.019738
1870	0.0093354
1871	0.01723
1872	0.016222
1873	0.014732
1874	0.016751
1875	0.013647
1876	0.015795
1877	0.013441
1878	0.013329
1879	0.011579
1880	0.016012
1881	0.017693
1882	0.014182
1883	0.019546
1884	0.013268
1885	0.016288
1886	0.010432
1887	0.01512
1888	0.011813
1889	0.018761
1890	0.017702
1891	0.013139
1892	0.012931
1893	0.016404
1894	0.0066694
1895	0.0074007
1896	0.015282
1897	0.013657
1898	0.013379
1899	0.017518
1900	0.012559
1901	0.012453
1902	0.016233
1903	0.0069355
1904	0.018516
1905	0.010285
1906	0.014164
1907	0.017463
1908	0.0133
1909	0.019729
1910	0.018584
1911	0.016637
1912	0.016601
1913	0.014842
1914	0.017776
1915	0.017938
1916	0.017376
1917	0.013316
1918	0.01287
1919	0.014058
1920	0.013373
1921	0.012406
1922	0.017555
1923	0.015253
1924	0.017697
1925	0.0090493
1926	0.014396
1927	0.014749
1928	0.013935
1929	0.011953
1930	0.014501
1931	0.0078626
1932	0.017307
1933	0.018942
1934	0.010674
1935	0.01435
1936	0.018025
1937	0.013997
1938	0.01149
1939	0.016842
1940	0.011963
1941	0.020195
1942	0.01562
1943	0.011428
1944	0.012747
1945	0.016094
1946	0.018844
1947	0.013157
1948	0.0094319
1949	0.011504
1950	0.012327
1951	0.014878
1952	0.012912
1953	0.0194
1954	0.016672
1955	0.014572
1956	0.015411
1957	0.012289
1958	0.01457
1959	0.015952
1960	0.015343
1961	0.010956
1962	0.020879
1963	0.012724
1964	0.01815
1965	0.013893
1966	0.012721
1967	0.02016
1968	0.010688
1969	0.014273
1970	0.018817
1971	0.012342
1972	0.010646
1973	0.013968
1974	0.013972
1975	0.0089919
1976	0.013963
1977	0.016394
1978	0.012285
1979	0.018506
1980	0.011394
1981	0.0080729
1982	0.017609
1983	0.01684
1984	0.01024
1985	0.012411
1986	0.013808
1987	0.016828
1988	0.018443
1989	0.012326
1990	0.014767
1991	0.0098339
1992	0.017976
1993	0.018074
1994	0.01349
1995	0.010215
1996	0.013005
1997	0.015753
1998	0.016633
1999	0.016041
2000	0.015106
2001	0.018545
2002	0.011529
2003	0.012726
2004	0.017637
2005	0.017654
2006	0.013131
2007	0.013184
2008	0.010273
2009	0.018875
2010	0.018078
2011	0.014024
2012	0.015569
2013	0.010251
2014	0.016017
2015	0.016465
2016	0.010231
2017	0.017266
2018	0.009911
2019	0.011917
2020	0.013961
2021	0.015126
2022	0.016811
2023	0.010912
2024	0.014765
2025	0.010278
2026	0.011778
2027	0.015344
2028	0.0097316
2029	0.016562
2030	0.010117
2031	0.016767
2032	0.0084274
2033	0.011096
2034	0.015981
2035	0.015665
2036	0.015024
2037	0.013431
2038	0.013537
2039	0.015678
2040	0.018024
2041	0.013208
2042	0.013893
2043	0.011917
2044	0.014289
2045	0.018879
2046	0.011929
2047	0.018115
2048	0.016775
2049	0.014751
2050	0.013524
2051	0.01471
2052	0.013131
2053	0.018707
2054	0.016034
2055	0.0092597
2056	0.01442
2057	0.012728
2058	0.015328
2059	0.012961
2060	0.015294
2061	0.015129
2062	0.0097609
2063	0.015774
2064	0.01313
2065	0.01226
2066	0.014856
2067	0.016322
2068	0.013096
2069	0.014665
2070	0.013536
2071	0.017597
2072	0.014028
2073	0.012634
2074	0.016317
2075	0.012709
2076	0.017649
2077	0.013489
2078	0.015975
2079	0.018872
2080	0.01806
2081	0.017263
2082	0.015509
2083	0.023326
2084	0.011435
2085	0.015557
2086	0.012686
2087	0.012305
2088	0.016265
2089	0.014306
2090	0.015133
2091	0.011068
2092	0.017174
2093	0.016271
2094	0.014717
2095	0.011996
2096	0.019095
2097	0.013316
2098	0.017847
2099	0.017024
2100	0.018368
2101	0.015622
2102	0.014324
2103	0.0218
2104	0.013217
2105	0.0064998
2106	0.013067
2107	0.011431
2108	0.016802
2109	0.011002
2110	0.015636
2111	0.012666
2112	0.011374
2113	0.011876
2114	0.015986
2115	0.011823
2116	0.01472
2117	0.020068
2118	0.015983
2119	0.014356
2120	0.015515
2121	0.016364
2122	0.016305
2123	0.012227
2124	0.016337
2125	0.016373
2126	0.017122
2127	0.020211
2128	0.011858
2129	0.0139
2130	0.016719
2131	0.01391
2132	0.013784
2133	0.0134
2134	0.012636
2135	0.010638
2136	0.014635
2137	0.01044
2138	0.013182
2139	0.014793
2140	0.01526
2141	0.018049
2142	0.009506
2143	0.014798
2144	0.011984
2145	0.0077119
2146	0.013028
2147	0.013912
2148	0.012571
2149	0.010619
2150	0.016267
2151	0.013927
2152	0.017896
2153	0.015537
2154	0.01225
2155	0.015464
2156	0.014727
2157	0.013923
2158	0.0093673
2159	0.013055
2160	0.015489
2161	0.013476
2162	0.01349
2163	0.011034
2164	0.013412
2165	0.013126
2166	0.015881
2167	0.01428
2168	0.01063
2169	0.013849
2170	0.011878
2171	0.013426
2172	0.01268
2173	0.015563
2174	0.010755
2175	0.012693
2176	0.011949
2177	0.0156
2178	0.012636
2179	0.017827
2180	0.014163
2181	0.014764
2182	0.011057
2183	0.017446
2184	0.016354
2185	0.016401
2186	0.010285
2187	0.0127
2188	0.0094851
2189	0.016501
2190	0.011568
2191	0.014688
2192	0.012404
2193	0.008169
2194	0.0080574
2195	0.014673
2196	0.018678
2197	0.011712
2198	0.011306
2199	0.017781
2200	0.015762
2201	0.015959
2202	0.013253
2203	0.013575
2204	0.01523
2205	0.012163
2206	0.016966
2207	0.015031
2208	0.016031
2209	0.015542
2210	0.012485
2211	0.009236
2212	0.016531
2213	0.010146
2214	0.019508
2215	0.015944
2216	0.016952
2217	0.012496
2218	0.012597
2219	0.007722
2220	0.013318
2221	0.015837
2222	0.013994
2223	0.010193
2224	0.016144
2225	0.016193
2226	0.00975
2227	0.014075
2228	0.018184
2229	0.015079
2230	0.017169
2231	0.015481
2232	0.012134
2233	0.01417
2234	0.010941
2235	0.012651
2236	0.01614
2237	0.017162
2238	0.0093085
2239	0.013377
2240	0.015714
2241	0.012577
2242	0.012563
2243	0.013859
2244	0.010423
2245	0.014735
2246	0.016613
2247	0.020221
2248	0.012504
2249	0.015904
2250	0.011306
2251	0.011282
2252	0.018912
2253	0.01384
2254	0.010018
2255	0.01452
2256	0.0144
2257	0.016263
2258	0.014565
2259	0.017365
2260	0.014503
2261	0.012332
2262	0.014842
2263	0.011429
2264	0.011089
2265	0.012571
2266	0.013357
2267	0.013776
2268	0.018267
2269	0.012137
2270	0.015092
2271	0.019645
2272	0.010398
2273	0.023808
2274	0.0078794
2275	0.010301
2276	0.011969
2277	0.015311
2278	0.014561
2279	0.013303
2280	0.013831
2281	0.011684
2282	0.012714
2283	0.012866
2284	0.011433
2285	0.016626
2286	0.010948
2287	0.012431
2288	0.018973
2289	0.018867
2290	0.013079
2291	0.015183
2292	0.018152
2293	0.018125
2294	0.016683
2295	0.016577
2296	0.013991
2297	0.019355
2298	0.020334
2299	0.01503
2300	0.014486
2301	0.0099645
2302	0.019359
2303	0.017122
2304	0.016082
2305	0.012561
2306	0.011141
2307	0.012895
2308	0.017531
2309	0.01386
2310	0.015507
2311	0.011286
2312	0.013598
2313	0.010664
2314	0.020401
2315	0.014739
2316	0.015421
2317	0.01453
2318	0.013775
2319	0.011683
2320	0.012583
2321	0.012501
2322	0.012619
2323	0.012091
2324	0.019897
2325	0.015002
2326	0.014995
2327	0.014628
2328	0.019675
2329	0.0092423
2330	0.01502
2331	0.01151
2332	0.010584
2333	0.013539
2334	0.018442
2335	0.01625
2336	0.0134
2337	0.016151
2338	0.014111
2339	0.01007
2340	0.019755
2341	0.014468
2342	0.014057
2343	0.016615
2344	0.0098262
2345	0.00842
2346	0.011654
2347	0.012086
2348	0.012554
2349	0.016505
2350	0.010475
2351	0.016256
2352	0.014166
2353	0.014923
2354	0.02134
2355	0.0098058
2356	0.014504
2357	0.015017
2358	0.020347
2359	0.012005
2360	0.014791
2361	0.016014
2362	0.016146
2363	0.014696
2364	0.011207
2365	0.017484
2366	0.010546
2367	0.015165
2368	0.014207
2369	0.016222
2370	0.015842
2371	0.0154
2372	0.01331
2373	0.011778
2374	0.01098
2375	0.01671
2376	0.011722
2377	0.01421
2378	0.014875
2379	0.017993
2380	0.016676
2381	0.012116
2382	0.012883
2383	0.01586
2384	0.010096
2385	0.014556
2386	0.015737
2387	0.01381
2388	0.011727
2389	0.013023
2390	0.011781
2391	0.012088
2392	0.0088347
2393	0.010731
2394	0.011519
2395	0.01227
2396	0.012922
2397	0.015865
2398	0.010621
2399	0.014642
2400	0.016254
2401	0.017561
2402	0.014814
2403	0.015406
2404	0.012043
2405	0.016369
2406	0.017828
2407	0.017832
2408	0.016305
2409	0.0097786
2410	0.014123
2411	0.014367
2412	0.01505
2413	0.010156
2414	0.01663
2415	0.011831
2416	0.019866
2417	0.017922
2418	0.016559
2419	0.014344
2420	0.013934
2421	0.021168
2422	0.016652
2423	0.014229
2424	0.013755
2425	0.013877
2426	0.018819
2427	0.01217
2428	0.015685
2429	0.0089738
2430	0.011379
2431	0.015426
2432	0.018634
2433	0.015639
2434	0.010372
2435	0.016844
2436	0.011304
2437	0.015143
2438	0.011327
2439	0.01634
2440	0.0072637
2441	0.012601
2442	0.0096128
2443	0.020252
2444	0.010442
2445	0.012236
2446	0.012585
2447	0.015216
2448	0.02116
2449	0.012353
2450	0.016447
2451	0.014628
2452	0.015962
2453	0.013107
2454	0.010992
2455	0.016774
2456	0.016765
2457	0.0084076
2458	0.0090507
2459	0.012321
2460	0.014468
2461	0.015428
2462	0.012279
2463	0.015553
2464	0.013589
2465	0.016326
2466	0.010687
2467	0.014004
2468	0.016368
2469	0.012734
2470	0.012048
2471	0.014387
2472	0.011134
2473	0.01981
2474	0.010183
2475	0.015152
2476	0.016047
2477	0.013542
2478	0.011911
2479	0.011025
2480	0.013827
2481	0.013517
2482	0.015127
2483	0.011844
2484	0.01352
2485	0.021778
2486	0.0087348
2487	0.015486
2488	0.012811
2489	0.017252
2490	0.011818
2491	0.019639
2492	0.0096959
2493	0.010792
2494	0.013696
2495	0.011131
2496	0.018105
2497	0.011185
2498	0.0088628
2499	0.01352
2500	0.01385
2501	0.017224
2502	0.011429
2503	0.012421
2504	0.016329
2505	0.01289
2506	0.010586
2507	0.014459
2508	0.019933
2509	0.012347
2510	0.0086465
2511	0.013445
2512	0.013934
2513	0.010658
2514	0.012542
2515	0.014465
2516	0.017977
2517	0.016041
2518	0.0064843
2519	0.01197
2520	0.013969
2521	0.013592
2522	0.0094644
2523	0.015951
2524	0.015138
2525	0.013558
2526	0.013942
2527	0.011526
2528	0.010925
2529	0.017515
2530	0.0071487
2531	0.017
2532	0.007467
2533	0.010372
2534	0.014544
2535	0.010895
2536	0.014275
2537	0.015341
2538	0.015883
2539	0.019206
2540	0.012143
2541	0.0139
2542	0.016069
2543	0.0061233
2544	0.010603
2545	0.010947
2546	0.011139
2547	0.011769
2548	0.017381
2549	0.011253
2550	0.013727
2551	0.013021
2552	0.018422
2553	0.015167
2554	0.0099346
2555	0.016688
2556	0.01246
2557	0.02141
2558	0.012517
2559	0.014255
2560	0.011107
2561	0.012634
2562	0.014888
2563	0.010362
2564	0.02117
2565	0.013534
2566	0.021771
2567	0.0094579
2568	0.012272
2569	0.017807
2570	0.015445
2571	0.012609
2572	0.016136
2573	0.0095296
2574	0.0098693
2575	0.013202
2576	0.015164
2577	0.023475
2578	0.0093684
2579	0.010455
2580	0.015257
2581	0.013431
2582	0.014488
2583	0.016068
2584	0.018574
2585	0.016532
2586	0.012752
2587	0.01287
2588	0.011417
2589	0.0128
2590	0.01591
2591	0.012744
2592	0.015405
2593	0.016593
2594	0.019072
2595	0.016056
2596	0.018412
2597	0.013063
2598	0.017177
2599	0.017775
2600	0.01221
2601	0.016064
2602	0.013568
2603	0.0096832
2604	0.011409
2605	0.016171
2606	0.017548
2607	0.017724
2608	0.014293
2609	0.013351
2610	0.010867
2611	0.010946
2612	0.016247
2613	0.015345
2614	0.015342
2615	0.014751
2616	0.015782
2617	0.01435
2618	0.011729
2619	0.013636
2620	0.017684
2621	0.01419
2622	0.016881
2623	0.014785
2624	0.011262
2625	0.017065
2626	0.019089
2627	0.015567
2628	0.0086393
2629	0.013047
2630	0.010846
2631	0.010631
2632	0.011157
2633	0.015716
2634	0.017201
2635	0.011482
2636	0.015294
2637	0.018246
2638	0.013565
2639	0.013475
2640	0.016881
2641	0.011904
2642	0.012177
2643	0.012996
2644	0.01012
2645	0.0090378
2646	0.011198
2647	0.014009
2648	0.015946
2649	0.014795
2650	0.014322
2651	0.0113
2652	0.012241
2653	0.0094753
2654	0.015136
2655	0.013869
2656	0.015001
2657	0.010531
2658	0.010219
2659	0.011634
2660	0.012734
2661	0.015318
2662	0.014933
2663	0.013966
2664	0.011931
2665	0.015287
2666	0.014824
2667	0.012782
2668	0.011672
2669	0.014739
2670	0.012314
2671	0.01432
2672	0.0099206
2673	0.014779
2674	0.010653
2675	0.011071
2676	0.011919
2677	0.021001
2678	0.014315
2679	0.017635
2680	0.018615
2681	0.013873
2682	0.016983
2683	0.013689
2684	0.0088105
2685	0.0087065
2686	0.017013
2687	0.010849
2688	0.019689
2689	0.011688
2690	0.012693
2691	0.011456
2692	0.0091792
2693	0.009488
2694	0.016023
2695	0.014052
2696	0.017318
2697	0.016591
2698	0.014003
2699	0.011479
2700	0.014668
2701	0.010704
2702	0.015268
2703	0.019849
2704	0.01344
2705	0.013438
2706	0.01255
2707	0.010302
2708	0.011864
2709	0.013556
2710	0.011475
2711	0.017133
2712	0.016399
2713	0.015762
2714	0.015554
2715	0.015596
2716	0.012537
2717	0.019684
2718	0.011185
2719	0.012112
2720	0.013039
2721	0.012889
2722	0.016534
2723	0.012829
2724	0.014875
2725	0.016203
2726	0.018067
2727	0.011572
2728	0.012124
2729	0.015099
2730	0.014284
2731	0.012173
2732	0.011667
2733	0.010121
2734	0.015457
2735	0.018989
2736	0.013332
2737	0.018078
2738	0.013108
2739	0.0086133
2740	0.012515
2741	0.017083
2742	0.017778
2743	0.019508
2744	0.012206
2745	0.012977
2746	0.017501
2747	0.021277
2748	0.016825
2749	0.017341
2750	0.01064
2751	0.012788
2752	0.016223
2753	0.019831
2754	0.017503
2755	0.016089
2756	0.016934
2757	0.015998
2758	0.017317
2759	0.01091
2760	0.014857
2761	0.015054
2762	0.020149
2763	0.013903
2764	0.017675
2765	0.013502
2766	0.014209
2767	0.018077
2768	0.013747
2769	0.016361
2770	0.018257
2771	0.012121
2772	0.010483
2773	0.010053
2774	0.019574
2775	0.014177
2776	0.012889
2777	0.014067
2778	0.011442
2779	0.0071278
2780	0.012737
2781	0.019734
2782	0.013552
2783	0.011994
2784	0.017665
2785	0.009064
2786	0.016075
2787	0.014464
2788	0.011567
2789	0.020454
2790	0.016225
2791	0.01137
2792	0.022849
2793	0.015019
2794	0.018842
2795	0.014513
2796	0.018361
2797	0.014961
2798	0.016253
2799	0.020831
2800	0.017458
2801	0.01294
2802	0.014619
2803	0.021138
2804	0.0074973
2805	0.014894
2806	0.010992
2807	0.013713
2808	0.016431
2809	0.012792
2810	0.017364
2811	0.011946
2812	0.013322
2813	0.012516
2814	0.011524
2815	0.012575
2816	0.011236
2817	0.015726
2818	0.015295
2819	0.020451
2820	0.018433
2821	0.015617
2822	0.018882
2823	0.012706
2824	0.019285
2825	0.017758
2826	0.015171
2827	0.016361
2828	0.015394
2829	0.021159
2830	0.017593
2831	0.015196
2832	0.018381
2833	0.012849
2834	0.015306
2835	0.015339
2836	0.016013
2837	0.021322
2838	0.018164
2839	0.017283
2840	0.015338
2841	0.023879
2842	0.014632
2843	0.021429
2844	0.013978
2845	0.023018
2846	0.019074
2847	0.016096
2848	0.021678
2849	0.019204
2850	0.016673
2851	0.025784
2852	0.019303
2853	0.01039
2854	0.016847
2855	0.012963
2856	0.027284
2857	0.014443
2858	0.021241
2859	0.02025
2860	0.026614
2861	0.025028
2862	0.022738
2863	0.026141
2864	0.023185
2865	0.025359
2866	0.020388
2867	0.029815
2868	0.02809
2869	0.029069
2870	0.023219
2871	0.02208
2872	0.029945
2873	0.025378
2874	0.029837
2875	0.021559
2876	0.018173
2877	0.031463
2878	0.019283
2879	0.021662
2880	0.028583
2881	0.01605
2882	0.019217
2883	0.024031
2884	0.02966
2885	0.037034
2886	0.027875
2887	0.026534
2888	0.025216
2889	0.034412
2890	0.018273
2891	0.031778
2892	0.021998
2893	0.035778
2894	0.027547
2895	0.034691
2896	0.028948
2897	0.031872
2898	0.029457
2899	0.028819
2900	0.035372
2901	0.03655
2902	0.037729
2903	0.038877
2904	0.038267
2905	0.029176
2906	0.040612
2907	0.037122
2908	0.037333
2909	0.032765
2910	0.032038
2911	0.046766
2912	0.038291
2913	0.035573
2914	0.034749
2915	0.042846
2916	0.036156
2917	0.048378
2918	0.027455
2919	0.034734
2920	0.040032
2921	0.030087
2922	0.02609
2923	0.026216
2924	0.038887
2925	0.037993
2926	0.045514
2927	0.035167
2928	0.044878
2929	0.046213
2930	0.041032
2931	0.036951
2932	0.038288
2933	0.038396
2934	0.016713
2935	0.036664
2936	0.044594
2937	0.031496
2938	0.042837
2939	0.038537
2940	0.044489
2941	0.051565
2942	0.036983
2943	0.034927
2944	0.049069
2945	0.044672
2946	0.042582
2947	0.05457
2948	0.035947
2949	0.033724
2950	0.044694
2951	0.043684
2952	0.051241
2953	0.042948
2954	0.03221
2955	0.047118
2956	0.028895
2957	0.0501
2958	0.041654
2959	0.034379
2960	0.044662
2961	0.048762
2962	0.040152
2963	0.039058
2964	0.038028
2965	0.053942
2966	0.024085
2967	0.052035
2968	0.052394
2969	0.040686
2970	0.035578
2971	0.026256
2972	0.05106
2973	0.044436
2974	0.039249
2975	0.05331
2976	0.05644
2977	0.048372
2978	0.051428
2979	0.040366
2980	0.040627
2981	0.046626
2982	0.048377
2983	0.064654
2984	0.051832
2985	0.055068
2986	0.048005
2987	0.08264
2988	0.039613
2989	0.059476
2990	0.055334
2991	0.081766
2992	0.039115
2993	0.050233
2994	0.063226
2995	0.062026
2996	0.049702
2997	0.054927
2998	0.050405
2999	0.052415
3000	0.064255
#3001	0.072814
#3002	0.071639
#3003	0.06213
#3004	0.060941
#3005	0.05627
#3006	0.065143
#3007	0.062251
#3008	0.057468
#3009	0.059567
#3010	0.032058
#3011	0.074431
#3012	0.064336
#3013	0.057717
#3014	0.050869
#3015	0.076514
#3016	0.058921
#3017	0.066693
#3018	0.069076
#3019	0.084491
#3020	0.060708
#3021	0.051643
#3022	0.063421
#3023	0.073539
#3024	0.048967
#3025	0.088176
#3026	0.081061
#3027	0.089421
#3028	0.10799
#3029	0.05879
#3030	0.067237
#3031	0.071824
#3032	0.086725
#3033	0.099688
#3034	0.061066
#3035	0.063564
#3036	0.095756
#3037	0.089938
#3038	0.090794
#3039	0.084941
#3040	0.081379
#3041	0.08852
#3042	0.1024
#3043	0.078777
#3044	0.099586
#3045	0.080108
#3046	0.083006
#3047	0.042302
#3048	0.077352
#3049	0.084997
#3050	0.1068
#3051	0.072097
#3052	0.094073
#3053	0.10709
#3054	0.08593
#3055	0.089088
#3056	0.11448
#3057	0.097981
#3058	0.086196
#3059	0.12494
#3060	0.090284
#3061	0.062644
#3062	0.14097
#3063	0.071624
#3064	0.1038
#3065	0.10992
#3066	0.13237
#3067	0.076785
#3068	0.069316
#3069	0.10564
#3070	0.112
#3071	0.070969
#3072	0.074479
#3073	0.063681
#3074	0.092968
#3075	0.073638
#3076	0.080126
#3077	0.098552
#3078	0.10537
#3079	0.1182
#3080	0.10412
#3081	0.10805
#3082	0.10586
#3083	0.14736
#3084	0.12023
#3085	0.10565
#3086	0.14151
#3087	0.10734
#3088	0.098624
#3089	0.10934
#3090	0.096997
#3091	0.15111
#3092	0.1257
#3093	0.10985
#3094	0.13135
#3095	0.14285
#3096	0.15093
#3097	0.12453
#3098	0.17143
#3099	0.11585
#3100	0.1567
#3101	0.099821
#3102	0.14124
#3103	0.16124
#3104	0.10274
#3105	0.134
#3106	0.16202
#3107	0.12098
#3108	0.11433
#3109	0.17815
#3110	0.16
#3111	0.15722
#3112	0.20301
#3113	0.16015
#3114	0.1289
#3115	0.15066
#3116	0.14354
#3117	0.13231
#3118	0.18896
#3119	0.10443
#3120	0.17008
#3121	0.12364
#3122	0.15553
#3123	0.1613
#3124	0.12692
#3125	0.14147
#3126	0.18791
#3127	0.12566
#3128	0.13119
#3129	0.17869
#3130	0.096074
#3131	0.18647
#3132	0.20688
#3133	0.16526
#3134	0.1959
#3135	0.14846
#3136	0.22836
#3137	0.11139
#3138	0.14195
#3139	0.20345
#3140	0.20551
#3141	0.20137
#3142	0.19226
#3143	0.13172
#3144	0.17482
#3145	0.12874
#3146	0.15561
#3147	0.1625
#3148	0.20646
#3149	0.2241
#3150	0.26393
#3151	0.21651
#3152	0.25112
#3153	0.23024
#3154	0.14276
#3155	0.27331
#3156	0.19056
#3157	0.2773
#3158	0.18688
#3159	0.2695
#3160	0.2419
#3161	0.18514
#3162	0.24557
#3163	0.19386
#3164	0.20693
#3165	0.29931
#3166	0.17329
#3167	0.21724
#3168	0.13906
#3169	0.22682
#3170	0.21567
#3171	0.26133
#3172	0.24988
#3173	0.21399
#3174	0.25993
#3175	0.24218
#3176	0.19189
#3177	0.25934
#3178	0.16207
#3179	0.23674
#3180	0.28543
#3181	0.21306
#3182	0.22193
#3183	0.28512
#3184	0.27433
#3185	0.29082
#3186	0.31425
#3187	0.23905
#3188	0.24839
#3189	0.19267
#3190	0.33434
#3191	0.24922
#3192	0.28096
#3193	0.27656
#3194	0.21827
#3195	0.2909
#3196	0.13698
#3197	0.26526
#3198	0.41149
#3199	0.31891
#3200	0.23258
#3201	0.29214
#3202	0.26181
#3203	0.30689
#3204	0.30055
#3205	0.24405
#3206	0.14238
#3207	0.42273
#3208	0.31328
#3209	0.26228
#3210	0.25705
#3211	0.30485
#3212	0.22521
#3213	0.38509
#3214	0.29631
#3215	0.31878
#3216	0.25554
#3217	0.28781
#3218	0.16306
#3219	0.44394
#3220	0.32819
#3221	0.41387
#3222	0.32793
#3223	0.35141
#3224	0.38795
#3225	0.27406
#3226	0.37497
#3227	0.44477
#3228	0.53751
#3229	0.43274
#3230	0.43583
#3231	0.43055
#3232	0.41099
#3233	0.33416
#3234	0.34828
#3235	0.50859
#3236	0.39167
#3237	0.45746
#3238	0.58344
#3239	0.47926
#3240	0.23526
#3241	0.46733
#3242	0.39761
#3243	0.36368
#3244	0.52634
#3245	0.44052
#3246	0.48901
#3247	0.48491
#3248	0.6638
#3249	0.51658
#3250	0.39342
#3251	0.35557
#3252	0.6219
#3253	0.57486
#3254	0.5348
#3255	0.54655
#3256	0.47417
#3257	0.56834
#3258	0.54534
#3259	0.71002
#3260	0.67343
#3261	0.7047
#3262	0.80754
#3263	0.53997
#3264	0.87145
#3265	0.63701
#3266	0.66672
#3267	0.65356
#3268	0.84748
#3269	0.49124
#3270	0.78862
#3271	0.75697
#3272	0.55256
#3273	0.71766
#3274	0.99094
#3275	0.89178
#3276	0.78859
#3277	0.94638
#3278	0.91535
#3279	0.54526
#3280	0.87904
#3281	0.91907
#3282	0.9404
#3283	0.88064
#3284	1.0069
#3285	0.97754
#3286	0.94619
#3287	0.6571
#3288	0.9348
#3289	1.2125
#3290	1.0315
#3291	1.2803
#3292	1.3023
#3293	1.3522
#3294	0.98269
#3295	1.1143
#3296	0.82921
#3297	1.4635
#3298	1.2295
#3299	0.75745
#3300	1.4007
