19224.565757 -0.256410
19267.990074 0.000000
19311.414392 0.000000
19380.893300 0.256410
19424.317618 0.512821
19467.741935 0.769231
19502.481390 1.025641
19537.220844 1.538462
19563.275434 2.051282
19589.330025 2.564103
19606.699752 3.333333
19624.069479 4.102564
19641.439206 4.871795
19650.124069 5.641026
19653.019024 5.641026
19655.913978 5.897436
19658.808933 6.410256
19667.493797 7.435897
19684.863524 8.205128
19693.548387 9.487179
19702.233251 10.512821
19710.918114 11.794872
19719.602978 12.820513
19728.287841 14.871795
19736.972705 16.153846
19745.657568 17.692308
19754.342432 18.974359
19763.027295 22.564103
19771.712159 25.384615
19789.081886 30.000000
19797.766749 34.615385
19806.451613 37.179487
19815.136476 41.025641
19823.821340 44.102564
19828.163772 46.410256
19832.506203 49.487179
19841.191067 53.333333
19845.533499 56.410256
19849.875931 58.717949
19867.245658 65.384615
19875.930521 68.717949
19893.300248 75.384615
19901.985112 80.000000
19928.039702 83.076923
19962.779156 87.948718
19988.833747 90.256410
20006.203474 91.538462
20040.942928 92.564103
20075.682382 93.333333
20101.736973 93.846154
20136.476427 94.102564
20171.215881 94.102564
20205.955335 93.846154
20232.009926 93.589744
20266.749380 92.820513
20292.803970 92.307692
20344.913151 92.307692
20362.282878 92.307692
20397.022333 92.564103
20431.761787 92.820513
20466.501241 93.076923
20492.555831 93.333333
20527.295285 93.846154
20544.665012 94.102564
20588.089330 94.615385
20622.828784 95.128205
20657.568238 95.384615
20674.937965 95.384615
20700.992556 95.641026
20735.732010 95.897436
20770.471464 95.897436
20796.526055 95.897436
20831.265509 95.641026
20866.004963 95.641026
20883.374690 95.384615
20900.744417 94.871795
20935.483871 94.358974
20970.223325 93.846154
21004.962779 93.846154
21039.702233 93.589744
21074.441687 93.333333
21109.181141 93.076923
21152.605459 92.820513
21178.660050 92.820513
21213.399504 92.564103
21248.138958 92.307692
21265.508685 93.076923
21317.617866 93.076923
21343.672457 92.820513
21395.781638 92.820513
21456.575682 92.564103
21500.000000 91.794872
21543.424318 91.794872
21578.163772 91.794872
21612.903226 91.025641
21638.957816 91.025641
21682.382134 91.025641
21708.436725 91.282051
21743.176179 91.025641
21769.230769 91.538462
21803.970223 91.538462
21821.339950 91.538462
21847.394541 92.051282
21873.449132 92.564103
21908.188586 92.820513
21951.612903 92.820513
21977.667494 92.820513
21995.037221 92.820513
22029.776675 93.076923
22064.516129 93.076923
22099.255583 92.820513
22142.679901 92.307692
22177.419355 91.794872
22220.843672 91.538462
22264.267990 91.282051
22299.007444 91.025641
22333.746898 91.025641
22359.801489 91.025641
22394.540943 91.282051
22411.910670 91.794872
22429.280397 92.051282
22455.334988 92.307692
22481.389578 92.820513
22498.759305 93.333333
22516.129032 93.846154
22542.183623 93.846154
22568.238213 94.615385
22585.607940 95.128205
22611.662531 95.384615
22637.717122 95.641026
22655.086849 95.897436
22689.826303 96.153846
22715.880893 95.897436
22741.935484 95.641026
22776.674938 95.128205
22794.044665 94.615385
22820.099256 94.358974
22846.153846 93.846154
22863.523573 93.333333
22872.208437 92.564103
22889.578164 91.794872
22898.263027 91.025641
22906.947891 90.000000
22915.632754 89.487179
22924.317618 88.717949
22933.002481 87.179487
22941.687345 85.897436
22950.372208 83.846154
22959.057072 82.307692
22967.741935 80.512821
22976.426799 78.461538
22985.111663 75.384615
22993.796526 72.820513
23002.481390 67.948718
23011.166253 62.820513
23019.851117 58.974359
23037.220844 54.102564
23045.905707 50.256410
23054.590571 46.666667
23071.960298 42.820513
23089.330025 36.410256
23098.014888 32.564103
23106.699752 29.743590
23115.384615 27.435897
23124.069479 24.102564
23141.439206 19.230769
23167.493797 14.358974
23176.178660 12.564103
23193.548387 10.000000
23210.918114 7.948718
23236.972705 6.153846
23245.657568 5.384615
23263.027295 4.102564
23280.397022 3.076923
23306.451613 2.307692
23332.506203 1.794872
23349.875931 1.282051
23375.930521 1.025641
23388.957816 1.025641
23401.985112 0.512821
23436.724566 0.256410
23454.094293 0.000000
23514.888337 0.000000
23558.312655 0.000000
